contig	HOT224_1_0025m	HOT224_1_0045m	HOT224_1_0075m	HOT224_1_0125m	HOT224_1_0200m	HOT224_1_0500m	HOT224_1_0770m	HOT224_1_1000m	HOT225_1_0025m	HOT225_1_0045m	HOT225_1_0075m	HOT225_1_0125m	HOT225_1_0200m	HOT225_1_0500m	HOT225_1_0770m	HOT225_1_1000m	HOT226_1_0025m	HOT226_1_0045m	HOT226_1_0075m	HOT226_1_0200m	HOT226_1_0500m	HOT226_1_0770m	HOT226_1_1000m	HOT227_1_0025m	HOT227_1_0045m	HOT227_1_0075m	HOT227_1_0125m	HOT227_1_0770m	HOT229_1_0025m	HOT229_1_0125m	HOT229_1_0200m	HOT229_1_0500m	HOT229_1_1000m	HOT229_2_0025m	HOT229_2_0500m	HOT229_2_0770m	HOT229_3_0500m	HOT231_1_0025m	HOT231_1_0075m	HOT231_1_0125m	HOT231_1_0200m	HOT231_1_0500m	HOT231_1_0770m	HOT231_1_1000m	HOT231_2_0025m	HOT231_2_0125m	HOT232_1_0025m	HOT232_1_0075m	HOT232_1_0125m	HOT232_1_0200m	HOT232_1_0500m	HOT232_1_0770m	HOT232_1_1000m	HOT232_2_0500m	HOT232_3_0500m	HOT233_1_0025m	HOT233_1_0075m	HOT233_1_1000m	HOT233_1c_0125m	HOT233_1c_0200m	HOT233_1c_0770m	HOT233_2_0025m	HOT233_2c_0500m	HOT234_1_0075m	HOT234_1_0200m	HOT234_1_0500m	HOT234_1_0770m	HOT234_1_1000m	HOT234_2_0025m	HOT234_2_0075m	HOT234_2_0125m	HOT234_2_0200m	HOT234_3_0025m	HOT236_1_0025m	HOT236_1_0075m	HOT236_1_0125m	HOT236_1_0200m	HOT236_1_0500m	HOT236_1_1000m	HOT236_2_0500m	HOT236_2_0770m	HOT237_1_0025m	HOT237_1_0075m	HOT237_1_0200m	HOT237_1_0500m	HOT237_1_0770m	HOT237_1_1000m	HOT237_2_0075m	HOT237_2_0500m	HOT237_2_0770m	HOT237_3_0025m	HOT237_3_0125m	HOT237_3_0500m	HOT238_1_0025m	HOT238_1_0075m	HOT238_1_0500m	HOT238_1_1000m	HOT238_1c_0125m	HOT238_1c_0200m	HOT238_2_0500m	HOT238_2_0770m	
c_000000000001	0	0	0	0	0.00433838	0	0	0	0	0	0	0.047232	0	0	0	0	0	0	0	0.0695375	0	0	0	0	0	0	0	0	0	0.049341	0.000172808	0	0	0	0	0	0	0	0	0	0.0234557	0	0	0	0	0.0106872	0	0	0.0371782	0.00512438	0	0	0	0	0	0	0	0	0.000620222	0.02531	0	0	0	0	0.0202626	0	0	0	0	0	0.0966676	0.0208876	0	0	0	0.0501236	0.015535	0	0	0	0	0	0	0.00787833	0	0	0	0	0	0	0	0.0222362	0.0343266	0	0	0	0	0.0148291	0.038635	0	0	
c_000000000002	0.0186174	0.0117366	0.0389788	0.0302037	6.82898e-05	0	0	0	0.0209647	0.015959	0.0700529	0.0219785	0	0	0	0	0.00570314	0.00755643	0.0313493	0	0	0	0	0.0267728	0.0370288	0.0244604	0.10414	0	0.0186311	0.014398	0.000857162	0	0	0.010152	0	0	0	0.0474766	0.0114104	0.118975	0.000337422	0	0	0	0.0203814	0.0650393	0.0077867	0.0446777	0.00596882	0.000886883	0	0	0	0	0	0.00629215	0.0489662	0	0.0423574	0.00154767	0	0.019558	0	0.0322585	0.000260921	0	0	0	0.00739678	0.0337879	0.00471235	0	0.00482942	0.00956835	0.0506348	0.0186832	0	0	0	0	0	0.128855	0.0820007	0	0	0	0	0.0416666	0	0	0.0542964	0.052435	0	0.0184563	0.0209676	0	0	0.0103367	0.000696297	0	0	
c_000000000003	0	0	0	0.0148855	0.0110823	0	0	0	0	0	0	0.0276081	0.0186445	0	0	0	0	0	0	0.0686418	0	0	0	0	0	0	0.0282709	0	2.85827e-05	0.119367	0.00342297	0	0	0	0	0	0	0	0	0.21658	0.00422949	0	0	0	0	0.105972	0	0	0.123048	0.000939816	0	0	0	0	0	0	0	0	0.0210946	0.00050734	0	0	0	0	1.96301e-05	0	0	0	0	0	0.0323054	0	0	0	0.000100488	0.0401731	0	0	0	0	0	0	0	0	0	0	0	0	0	0	0	0.0505135	0	0	0	0	0	0.0606817	0.00514516	0	0	
c_000000000004	0.0447792	0.0389467	0.0418734	0.0160528	0	0	0	0	0.0286859	0.0316769	0.025326	0.000368565	0	0	0	0	0.00914624	0.0136078	0.0169376	0	0	0	0	0.022656	0.0263903	0.0153042	0.00314519	0	0.0147295	0.000522461	0	0	0	0.00929746	0	0	0	0	0.015202	0	0	0	0	0	0.0248424	0.000193717	0.00957112	0.0202973	0	0	0	0	0	0	0	0.359389	0.0693829	0	0.00781583	0	0	0.0908234	0	0.0180101	0	0	0	0	0.0206203	0.0257918	0.000127366	0	0.0175282	0.00334558	0.00251945	0	0	0	0	0	0	0	0.0206376	0	0	0	0	0.0153251	0	0	0.0118207	0	0	0.0125971	0.0251394	0	0	0.000522597	0	0	0	
c_000000000005	0.0243931	0.0218498	0.0292033	0.0220487	0	0	0	0	0.0189482	0.0183648	0.026114	0.000847863	0	0	0	0	0.00209228	0.00252564	0.0132494	0	0	0	0	0.0252228	0.026388	0.0250594	0.00333676	0	0.012301	0.00105613	0	0	0	0.0125751	0	0	0	0	0.00726908	0	0	0	0	0	0.0215146	1.22859e-06	5.27107e-05	0.00679661	0.000141588	0	0	0	0	0	0	0.0234509	0.0551095	0	0.00848455	0	0	0.0605	0	0.0107083	0	0	0	0	0.00124512	0.0110687	2.20097e-05	0	0.00336333	0.00143377	0.000494006	0	0	0	0	0	0	0.00444012	0.0203128	0	0	0	0	0.0277298	0	0	0.0270255	0	0	0.0125182	0.0241685	0	0	0.000253841	0	0	0	
c_000000000006	5.21605e-05	0	0.000357695	0.00160014	2.19492e-05	0	0	0	0	0	0.000590345	0.012883	0	0	0	0	0	0	0	0	0	0	0	0	0	0	0.00174926	0	0.000823855	0.00469359	0.000294596	0	0	5.71e-05	0	0	0	0	0	0	0.00784467	0	0	0	0	0.00119804	0	0	0.00252757	0.00279283	0	0	0	0	0	0	0.000655871	0	0.00760918	0.00788189	0	0	0	0.000828239	0.0125607	0	0	0	0	0.00164276	0.013854	0.0112631	0	0	0	0.00219662	0.00872401	0	0	0	0	0	0	0.00713914	0	0	0	0	0	0	0	0.00187186	0	0	0	0	0	0.0033368	0.0211795	0	0	
c_000000000007	0	0	0	0	0	0.0348525	0	0	0	0	0	0	0.00376149	0.0274847	0	0	0	0	0	0	0	0	0	0	0	0	0	0	0	0	0.0863001	0	0	0	0.00814464	0	0.0163746	0	0	0	0.0368199	0.0548629	0	0	0	0	0	0	0	0.0788139	0	0	0	0	0.000334314	0	0	0	0	0.0399085	0	0	0	0	0.0790957	0	0	0	0	0	0	0.0695004	0	0	0	0	0.133222	0.00185593	0	0.00556577	0	0	0	0.209758	0	0	0	0	0	0	0	0	0	0	0	0.00149886	0	0	0.0594127	0.00689138	0	
c_000000000008	0.00807787	0.00720471	0.00446332	0	0	0	0	0	0.0049881	0.0104909	0	0	0	0	0	0	0.0284463	0.0358258	0.017375	0	0	0	0	0.0140836	0.011753	0.00487176	0	0	0.00635768	0	0	0	0	0.0064943	0	0	0	0	0.0152434	0	0	0	0	0	0.00325749	0	0.0466944	0.0506236	0	0	0	0	0	0	0	0	0.0121889	0	0	0	0	0.0639569	0	0.0143237	0	0	0	0	0.200959	0.0160536	0	0	0.178436	0.072769	0.0242399	0	0	0	0	0	0	0	0	0	0	0	0	0.0297107	0	0	0.0153434	0	0	0.00295748	0.00166423	0	0	0	0	0	0	
c_000000000009	0	0	0	0	0.0430731	0	0	0	0	0	0	0	0.0470016	0	0	0	0	0	0	0	0	0	0	0	0	0	0	0	0	0	0.0171847	0	0	0	0	0	0	0	0	0	0.0764121	0	0	0	0	0	0	0	0	0.0293618	0	0	0	0	0	0	0	0	0	0.0426038	0	0	0	0	0.000937583	0	0	0	0	0	0	0	0	0	0	0	0.0198229	0	0	0	0	0	0	0	0	0	0	0	0	0	0	0	0	0	0	0	0	0	0.0253906	0	0	
c_000000000010	0	0	0	0	0.109219	0	0	0	0	0	0	0.0109307	0.0915295	0	0	0	0	0	0	0.00367612	0	0	0	0	0	0	0	0	0	0	0.00257146	0	0	0	0	0	0	0	0	0	0.0196373	0	0	0	0	0	0	0	0	0.00536686	0	0	0	0	0	0	0	0	0	0.0156939	0	0	0	0	0.000789389	0	0	0	0	0	0.00150357	0	0	0	0	0.0864527	0.00364935	0	0	0	0	0	0	0	0	0	0	0	0	0	0	0.0227406	0	0	0	0	0	0.0822277	0.00868465	0	0	
c_000000000011	0.00177829	5.68886e-05	0.000845706	5.37422e-05	0	0	0	0	0.00107564	0	0.000378588	0	0	0	0	0	0.0004392	0	0.000117442	0	0	0	0	0	0.000116416	0	0	0	0.00447033	0	0	0	0	0.00294448	0	0	0	0	0.00500366	0	0	0	0	0	0.00247848	0	0.00905814	0.0109267	0	0	0	0	0	0	0	0	0.000692208	0	0	0	0	0	0	0.0253178	0	0	0	0	0.00888205	0.0242812	0	0	0.0127686	0.0254162	0.0303072	0	0	0	0	0	0	0	0.0136142	0	0	0	0	0.0278225	0	0	0.0134601	0	0	0.0557671	0.0507805	0	0	0	0	0	0	
c_000000000012	0.00629192	0.00181604	0.00442644	0	0	0	0	0	0.00767796	0.00319236	0	0	0	0	0	0	0.000136647	0	0	0	0	0	0	0	0	0	0	0	0	0	0	0	0	0	0	0	0	0	0	0	0	0	0	0	0	0	0.000823257	0.00996155	0	0	0	0	0	0	0	0	0	0	0	0	0	0.0303404	0	0	0	0	0	0	0.156443	0	0	0	0.168784	0.00886176	0	0	0	0	0	0	0	0	0	0	0	0	0	0	0	0	0	0	0	0	0	0	0	0	0	0	0	
c_000000000013	0	0	0.0158345	0.195973	0	0	0	0	0	0	0.0318836	0.127504	0	0	0	0	0	0	0.00480722	0	0	0	0	0	0.000920038	0	0.198799	0	0	0.0612374	0.00576157	0	0	0	0	0	0	0	0	0.0776296	0	0	0	0	0	0.103095	0	0.0313965	0.0236548	0	0	0	0	0	0	0	0.0124698	0	0.250945	0	0	0	0	0.0163255	0	0	0	0	0	0.0176678	0.0439568	0	0	0	0.0262353	0.0558578	0	0	0	0	0	0	0	0	0	0	0	0	0	0	0	0.106838	0	0	0	0	0	0.0648706	0.0016758	0	0	
c_000000000014	0.0454553	0.043194	0.0329525	0.00209798	0	0	0	0	0.0505524	0.0384545	0.00639568	0	0	0	0	0	0.0851197	0.0748627	0.0432837	0	0	0	0	0.0306495	0.0387917	0.0356867	0.00223979	0	0.0995604	0.000105056	0	0	0	0.102918	0	0	0	0.0260488	0.11282	0	0	0	0	0	0.0919179	0.0005316	0.214354	0.0312436	0	0	0	0	0	0	0	0	0.013478	0	0	0	0	0.0618257	0	0.0342266	0	0	0	0	0.152955	0.0319214	0	0	0.127016	0.177781	0.059245	0	0	0	0	0	0	0.00488905	0.079382	0	0	0	0	0.0617756	0	0	0.0674117	0	0	0.100621	0.0942297	0	0	0.00105922	0	0	0	
c_000000000015	0	0	0	0	0	0	0	0	0	0	0	0	0.00600499	0	0	0	0	0	0	0	0	0	0	0	0	0	0	0	0	0	0.0442068	0	0	0	0.00459997	0	0.0154566	0	0	0	0.0134209	0	0	0	0	0	0	0	0	0.0306323	0	0.00173471	0	0	0.00142525	0	0	0	0	0.00628749	0	0	0	0	0.041641	0.0045884	0	0	0	0	0	0.0362674	0	0	0	0	0.0484308	0.00444109	0	0.00882558	0	0	0	0.0522438	0.00129427	0	0	0	0.00180222	0	0	0	0	0	0	0.00358925	0	0	0.0103285	0.00896306	0.0184494	
c_000000000016	0	0	0	0	0.114579	0	0	0	0	0	0	0	0.09457	0	0	0	0	0	0	0.095827	0	0	0	0	0	0	0	0	0	0	0.0264076	0	0	0	0	0	0	0	0	0	0.0276307	0	0	0	0	0.00493226	0	0	0.000155341	0.0491226	0	0	0	0	0	0	0	0	0	0.0187546	0	0	0	0	0.0137857	0	0	0	0	0	0.0106546	0.00923697	0	0	0	0.00016474	0.00583234	0	0	0	0	0	0	0.000593767	0	0	0	0	0	0	0	0	0	0	0	0	0	0.00590926	0.0112496	0	0	
c_000000000017	0.0830755	0.0910207	0.0609685	0.0258161	0	0	0	0	0.0518212	0.0522621	0.0221163	0	0	0	0	0	0.0868633	0.0936382	0.0726825	0	0	0	0	0.0647107	0.059819	0.0683431	0.0116112	0	0.0883785	0.000764228	4.4446e-05	0	0	0.0987973	0	0	0	0.560033	0.187675	0	0	0	0	0	0.178589	0.00059453	0.12646	0.0393608	0	0	0	0	0	0	0	0	0.0187071	0	0.00185507	0	0	0.0255042	0	0.0161111	0	0	0	0	0.00654123	0.0128675	0	0	0.011838	0.0323397	0.00845474	0	0	0	0	0	0	0	0.00120148	0	0	0	0	0.0199154	0	0	0.0128839	0	0	0.0548756	0.03695	0	0	0	0	0	0	
c_000000000018	0	0	0	0	0.161791	0.00674039	0.0119854	0.014004	0	0	0	0.00520108	0.179685	0.0109697	0.0105311	0.0154822	0	0	0	0.151825	0	0	0.0177623	0	0	0	0	0	0	0.0308972	0.127649	0.000589634	0.00151333	0	0.00652331	0.033325	0.0257193	0	0	0	0.169985	0.0101422	0.031722	0.0194263	0	0.00445243	0	0	0	0.142368	0	0.0195315	0.0061053	0.00837958	0.025677	0	0	0.0452608	0	0.155337	0.0157653	0	0	0	0.177302	0.00505204	0.0416598	0.000855531	0	0	0.0187955	0.178576	0	0	0	0.0512303	0.0869309	0.00572059	0	0.0130775	0.0173041	0	0	0.14142	0.0212833	0.0136293	0.0164012	0	0.0258413	0.0635296	0	0.0104765	0.0038684	0	0	0.00253215	0.0234443	0.0126965	0.103587	0.00987733	0.0425358	
c_000000000019	0.0866433	0.0971241	0.0467442	0.00502216	0	0	0	0	0.139951	0.182492	0.0245836	0	0	0	0	0	0.169989	0.184553	0.0803102	0	0	0	0	0.29892	0.241024	0.332687	0.01098	0	0.0968604	0.0285692	0	0	0	0.0961854	0	0	0	0	0.0674905	0	0	0	0	0	0.0888446	0	0.0906175	0.0378833	0	0	0	0	0	0	0	0.35283	0.039426	0	0	0	0	0.157586	0	0.00821039	0	0	0	0	0.155916	0.00729318	0	0	0.142235	0.0907095	0.0399937	0	0	0	0	0	0	0.0687852	0.0909811	0	0	0	0	0.0872499	0	0	0.0965529	0	0	0.0579409	0.0637314	0	0	3.29098e-05	0	0	0	
c_000000000020	0.0426754	0.0479724	0.0475132	0.0519801	0.00365729	0	0	0	0.101088	0.0939122	0.079877	0.0279167	0.00303354	0	0	0	0.100799	0.109182	0.0852404	0.00115579	0	0	0	0.0665997	0.0697831	0.0855619	0.0241444	0	0.0241098	0.027774	0.00120867	0	0	0.0302992	0	0	0	0	0.0281079	0	0.00630113	0	0	0	0.0386059	0.00325023	0.0149831	0.0291826	0.000698328	0.00285725	0	0	0	0	0	0	0.0183709	0	0.00958224	0.00720235	0	0.0231112	0	0.00899707	0.00126778	0	0	0	0.00688014	0.00629347	0.00167891	0.000412299	0.0147801	0.019955	0.037497	0.0101353	0.000189841	0.000489567	0	0.0013223	0	0.207361	0.0931742	0.00132735	0	0	0	0.0855298	0	0	0.110197	0.102342	0	0.0328827	0.0366472	0	0	0.0052529	0.00278623	0	0	
c_000000000021	0.000107174	0	0.000119103	0	0.00138289	0.000230016	0	0	0	0	0.000400494	0	0.0108017	0.00145713	0	0	0	0	0	0.000811395	0	0	0	0	0	0	4.16997e-05	0	0	0.000146566	0.0259299	0	0	0	0.000743793	0	0.00295701	0	0	0	0.00756794	0.000615478	0	0	0	4.86015e-05	0	0	0	0.0163626	0	0	0	4.31709e-05	0.00158312	0	0	0	0	0.00862224	0	0	0	2.25501e-05	0.0209834	0	0	0	0	0	8.7932e-05	0.0184398	0	0	0	7.27871e-05	0.0114723	0.000549338	0	0.00101127	0	0	0	0.0439078	0.000918537	0	0	0	0.00031443	0	0	0.000991126	0	0	0	0.000418554	0	0.000151073	0.0128992	0.000896177	0.000484953	
c_000000000022	0	0	0	0.026121	0.0127079	0	0	0	0	0	0	0.0621784	0.0218008	0	0	0	0	0	0	0.0941353	0	0	0	0	0	0	0.0600936	0	0	0.11755	0.00175379	0	0	0	0	0	0	0	0	0.111647	0.00097905	0	0	0	0	0.114875	0	0	0.206466	2.872e-06	0	0	0	0	0	0	0	0	0.0338569	0	0	0	0	0	0	0	0	0	0	0	0.0511287	0	0	0	0.00181625	0.0824541	0	0	0	0	0	0.0333005	0	0	0	0	0	0	0	0	0	0.0957171	0	0.000360285	0.000201948	0	0	0.149701	0.000804074	0	0	
c_000000000023	0	0	0	0	0	0	0	0	0	0	0	0	0.0163111	0	0	0	0	0	0	0	0	0	0	0	0	0	0	0	0	0	0.0415149	0	0	0	0	0	0	0	0	0	0.0148871	0	0	0	0	0	0	0	0	0.0242037	0	0	0	0	0	0	0	0	0	0.00408806	0	0	0	0	0.00700476	0	0	0	0	0	0.000270993	0.00261738	0	0	0	4.69436e-05	0.00473872	0	0	0	0	0	0	0.0013181	0	0	0	0	0	0	0	0	0	0	0	0	0	0.000365402	0.00275607	0	0	
c_000000000024	0.124146	0.118076	0.0722347	0.0149866	0	0	0	0	0.120727	0.109174	0.027958	0	0	0	0	0	0.121405	0.100505	0.0629974	0	0	0	0	0.0575829	0.0531217	0.0513897	0.000418932	0	0.0140011	0	0	0	0	0.0110693	0	0	0	0	0.00498882	0	0	0	0	0	0.00253666	0	0.00436043	0.000417537	0	0	0	0	0	0	0	0	0	0	0	0	0	0	0	0	0	0	0	0	0.0015855	0	0	0	0.00673747	0.0108573	0	0	0	0	0	0	0	0	0	0	0	0	0	0	0	0	0	0	0	0.0104059	0.00775294	0	0	0	0	0	0	
c_000000000025	0.0107377	0.00506057	0.0288036	0.0180506	0	0	0	0	0.00818121	0.00523645	0.0594974	0.00584008	0	0	0	0	0	0	0.0257307	0	0	0	0	0.0234653	0.0262068	0.0162874	0.084059	0	0.00316291	0.00130898	0	0	0	0.00266237	0	0	0	0	0.000976835	0	0	0	0	0	0.00109552	0.00448994	0	0.0203198	0.000584183	0	0	0	0	0	0	0	0.0390355	0	0.0267397	0	0	0.00132563	0	0.031037	0	0	0	0	0	0.028374	0.000143425	0	9.67199e-05	0.00623944	0.0381891	0.00365736	0	0	0	0	0	0.00393497	0.00324277	0	0	0	0	0.0244583	0	0	0.0272706	0.0278304	0	0.0118986	0.0102608	0	0	0.00503668	0	0	0	
c_000000000026	0.0042948	0.00140016	0.0174896	0.0178124	0	0	0	0	0	0	0.0135468	0	0	0	0	0	0	0	0.0149309	0	0	0	0	0	0.000945496	0	0.0266887	0	0.0147523	0	0	0	0	0.0110382	0	0	0	0	0.0194121	0	0	0	0	0	0.00602742	0.00194397	0.00896769	0.0414004	0	0	0	0	0	0	0	0	0.0153442	0	0.0146825	0	0	0	0	0.0423951	0	0	0	0	0	0.0416127	0.00131823	0	0	0.0064275	0.025986	0	0	0	0	0	0	0	0	0	0	0	0	0.000606066	0	0	0	0	0	0.0151147	0.00766529	0	0	0.00443499	0	0	0	
c_000000000027	0.00925187	0.00595848	0.00433359	0	0	0	0	0	0.0137627	0.0155411	0.00249012	0	0	0	0	0	0.0211972	0.00969551	0.00668549	0	0	0	0	0.0201589	0.0218311	0.0178233	0	0	0.0345711	0.00982299	0	0	0	0.0367549	0	0	0	0	0.0134309	0	0	0	0	0	0.00544121	0	0.026507	0.010735	0	0	0	0	0	0	0	0	0	0	0	0	0	0.000825334	0	0	0	0	0	0	0.00438708	0	0	0	0.0100541	0.0136826	0.00312463	0	0	0	0	0	0	0	0	0	0	0	0	0.00835504	0	0	0.00645572	0	0	0.0151926	0.0148104	0	0	0	0	0	0	
c_000000000028	0	0	0	0	3.37388e-05	0	0	0	0	0	0	0	0	0	0	0	0	0	0	0	0	0	0	0	0	0	0	0	0	0	0	0	0	0	0	0	0	0	0	0	0	0	0	0	0	0	0.00796823	0.0889656	0	0	0	0	0	0	0	0	0	0	0	0	0	0	0	0.0250312	0	0	0	0	0	0.0300591	0	0	0	0	0	0	0	0	0	0	0	0	0	0	0	0	0	0	0	0	0	0	0	0	0	0	0	0.000907174	0	0	0	
c_000000000029	0	0	0	0	0	0.25769	0.449636	0.121363	0	0	0	0	0	0.214724	0.38173	0.210157	0	0	0	0	0.324934	0.574771	0.518586	0	0	0	0	0.619933	0	0	0	0.380212	0.0217683	0	0.32794	0.481623	0.27781	0	0	0	0	0.201026	0.484451	0.198434	0	0	0	0	0	0	0.26917	0.241805	0.0805439	0.238488	0.204217	0	0	0.415302	0	0	0.213482	0	0.17334	0	0	0.394107	0.438216	0.048977	0	0	0	0	0	0	0	0	0	0.349923	0.231474	0.297216	0.188616	0	0	0	0.380252	0.513434	0.168969	0	0.368976	0.422593	0	0	0.404145	0	0	0.350055	0.357636	0	0	0.30995	0.438693	
c_000000000030	0	0	0	0	0	0	0	0	0	0	0	0	0	0.00154717	0.0131828	0.0587825	0	0	0	0	0	0	0	0	0	0	0	0	0	0	0	0	0	0	0	0	0	0	0	0	0	0.00272843	0	0	0	0	0.00172282	0	0	0.00285085	0.0243684	0.188787	0.402645	0.0501175	0.0510297	0	0	0.0612166	0	0.00392522	0.2673	0	0.0696264	0	0.000612157	0	0.0186833	0.456005	0	0	0	0	0	0	0	0	0	0	0	0	0	0	0	0	0	0	0	0	0	0	0	0	0	0	0	0	0	0	0	0	0	
c_000000000031	0	0	0	0	0	0	0	0	0	0	0	0.0272703	0	0	0	0	0	0	0	0.0160995	0	0	0	0	0	0	0	0	0	0.0499221	0	0	0	0	0	0	0	0	0	0	0.0143152	0	0	0	0	0.0197785	0	0	0.0134816	0.000433848	0	0	0	0	0	0	0	0	0	0.0106277	0	0	0	0	0.00534684	0	0	0	0	0	0.0468038	0.00141905	0	0	0	0.0210546	0	0	0	0	0	0	0	0	0	0	0	0	0	0	0	0.00559381	0	0	0	0	0	0.00685391	0.0101004	0	0	
c_000000000032	0	0	0	0.000520091	0	0	0	0	0	0	0	0	0	0	0	0	0	0	0	0	0	0	0	0	0	0	0	0	0	0	0	0	0	0	0	0	0	0	0	0	0	0	0	0	0	0	0	0	0	0	0	0	0	0	0	0	0	0	0	0	0	0	0	0.0407293	0	0	0	0	0	0.0367971	0	0	0	0.000780015	0.013305	0	0	0	0	0	0	0	0	0	0	0	0	0	0	0	0	0	0	0	0	0	0	0	0	0	0	
c_000000000033	0.0072159	0.00389959	0.00582852	0	0	0	0	0	0.00934939	0.00481611	0	0	0	0	0	0	0.000266868	0	0	0	0	0	0	0	0	0	0	0	0	0	0	0	0	0	0	0	0	0	0	0	0	0	0	0	0	0	0.000872895	0.00610638	0	0	0	0	0	0	0	0	0	0	0	0	0	0.0264882	0	0	0	0	0	0	0.0866068	0	0	0	0.0909334	0.00432363	0	0	0	0	0	0	0	0	0	0	0	0	0	0	0	0	0	0	0	0	0	0	0	0	0	0	0	
c_000000000034	0	0	0	0	0.0446546	0	0	0	0	0	0	0.0037467	0.128553	0	0	0	0	0	0	0.0542744	0	0	0	0	0	0	0	0	0	0.0105248	0.0113474	0	0	0	0	0	0	0	0	0	0.0526551	0	0	0	0	0	0	0	0	0.0169076	0	0	0	0	0	0	0	0	0	0.0359017	0	0	0	0	0.00382613	0	0	0	0	0	0.00349486	0	0	0	0	0.0186649	0.00398506	0	0	0	0	0	0	0	0	0	0	0	0	0	0	0	0	0	0	0	0	0.00470616	0.00648967	0	0	
c_000000000035	0	0	0	0	0	0.230115	0.39194	0.111225	0	0	0	0	0	0.206112	0.345705	0.195009	0	0	0	0	0.293917	0.425229	0.463652	0	0	0	0	0.380067	0	0	0	0.358416	0.0218829	0	0.30528	0.457112	0.253167	0	0	0	0	0.195668	0.452682	0.19772	0	0	0	0	0	0	0.258729	0.250127	0.0812572	0.214857	0.179546	0	0	0.401826	0	0	0.206004	0	0.162044	0	0	0.383391	0.423281	0.053493	0	0	0	0	0	0	0	0	0	0.330804	0.256943	0.273205	0.191194	0	0	0	0.346541	0.471438	0.150347	0	0.340055	0.509281	0	0	0.359817	0	0	0.346054	0.373371	0	0	0.292701	0.409407	
c_000000000036	0	0	0	0	0	0	0	0	0	0	0	0	0	0.0153462	0.0223511	0.0642251	0	0	0	0	0	0	0	0	0	0	0	0	0	0	0	0	0	0	0	0	0	0	0	0	0	0.00273185	0	0	0	0	9.3884e-05	0	0	0.00314618	0.0405113	0.198467	0.425089	0.038123	0.0335748	0	0	0.0621255	0	0.00388335	0.278181	0	0.0416122	0	0.000895391	0	0.030135	0.439761	0	0	0	0	0	0	0	0	0	0	0	0	0	0	0	0	0	0	0	0	0	0	0	0	0	0	0	0	0	0	0	0	0	
c_000000000037	0	0	0	0	0	0	0	0	0	0	0	0	0	0.00031992	0	0	0	0	0	0	0	0	0	0	0	0	0	0	0	0	0.0110373	0	6.25007e-05	0	0.00098997	0.00240253	0.00431915	0	0	0	0.00816519	0.000337515	0.00351358	0.000478087	0	0	0	0	0	0.018227	0	0.00539073	0	0.000524424	0.00408119	0	0	0.00160913	0	0.0189426	0.0020207	0	0	0	0.0209176	0.000246947	0.00365643	0	0	0	0	0.0211935	0	0	0	0	0.0289804	0.000420684	0	0.00128805	0.00274088	0	0	0.0475983	0.00256438	0	0	0	0.00326339	0	0	0	0	0	0	0.000251522	0	0	0.0217453	0.000941306	0.00456873	
c_000000000038	0.000586091	0	0.012881	0.0558762	0	0	0	0	0	0	0.0292379	0.0291233	0	0	0	0	0	0	0.000312942	0	0	0	0	0	0.00032443	0	0.0370423	0	0	0.00488953	0	0	0	0	0	0	0	0	0	0.0197008	0	0	0	0	0	0.0413544	0	0.0189247	0	0	0	0	0	0	0	0	0.0241241	0	0.0958343	0	0	0	0	0.0101568	0	0	0	0	0	0.00949215	0.00669666	0	0	0	0.00376811	0.0208072	0	0	0	0	0	0	0	0	0	0	0	0	0	0	0	0.0334174	0	0	0	0	0	0.0163366	0.000113096	0	0	
c_000000000039	0	0	0	0	0	0	0	0	0	0	0	0.00117817	0	0	0	0	0	0	0	0	0	0	0	0	0	0	0	0	0	0.0127747	6.04775e-05	0	0	0	0	0	0	0	0	0	0.0155698	0	0	0	0	3.39918e-05	0	0	0.00407789	0.00196136	0	0	0	0	0	0	0	0	3.24113e-05	0.0150473	0	0	0	0	0.0125885	0	0	0	0	0	0.0314433	0.013157	0	0	0	0.0030024	0.00726996	0	0	0	0	0	0	0.00272638	0	0	0	0	0	0	0	0	0	0	0	0	0	0.00229078	0.0342309	0	0	
c_000000000040	0	0	0	0	0.0856728	0	0	0	0	0	0	0.165828	0.00389153	0	0	0	0	0	0	0.131668	0	0	0	0	0	0	0.00563955	0	0.00142987	0.0542582	0.000153699	0	0	0.000426171	0	0	0	0	0	0.228212	0.0130725	0	0	0	0	0.118354	0	0	0.084476	0.00332363	0	0	0	0	0	0	0	0	0	0.0183668	0	0	0	0	0.0013191	0	0	0	0	0	0.159497	0	0	0	0	0.103797	0	0	0	0	0	0	0	0	0	0	0	0	0	0	0	0.0548632	0.0868866	0.00277694	0	0	0	0.226929	0.023551	0	0	
c_000000000041	0	0	0	0	0.0872955	0	0	0	0	0	0	0	0.0104826	0	0	0	0	0	0	0.0346695	0	0	0	0	0	0	0	0	0	0	0.051723	0	0	0	0	0	0.00150703	0	0	0	0.0336661	0	0	0	0	0	0	0	0	0.0851287	0	0	0	0	0.000135911	0	0	0	0	0.0137346	0	0	0	0	0.0278901	0	0	0	0	0	0.00019974	0.038067	0	0	0	0	0.0178943	0	0	0.00166904	0	0	0	0.00512497	0	0	0	0	0	0	0	0	0	0	0	0	0	0	0.0114035	0.000282677	0.00208241	
c_000000000042	0	0	0	0	0.0121076	0	0	0	0	0	0	0	0.0136581	0.000998644	0	0	0	0	0	0.000778784	0	0	0	0	0	0	0	0	0	0	0.00989927	0	0	0	0.000991904	0	0.00430879	0	0	0	0.018282	0	0.00142016	0	0	0	0	0	0	0.0131712	0	0	0	0	0.00177534	0	0	0	0	0.0402104	0	0	0	0	0.0129118	0	0.00153857	0	0	0	0.00135382	0.0129524	0	0	0	9.00166e-05	0.0030436	0.000231499	0	0.00132619	0	0	0	0.0181638	0	0	0	0	0	0	0	0	0	0	0	0.00102954	0	1.15071e-05	0.0140629	0.00359305	0.00438624	
c_000000000043	0	0	0	0	0	0	0	0	0	0	0	0.0045153	0	0	0	0	0	0	0	0	0	0	0	0	0	0	0	0	0	0.00864194	0	0	0	0	0	0	0	0	0	0	0.00104586	0	0	0	0	0.00526423	0	0	0.000258471	7.34743e-05	0	0	0	0	0	0	0	0	0	0.00200078	0	0	0	0	0	0	0	0	0	0	0.0346026	0	0	0	0	0.0177309	0	0	0	0	0	0	0	0	0	0	0	0	0	0	0	0.00818241	0.000620877	0	0	0	0	0.00506272	0.00703357	0	0	
c_000000000044	0	0	0	0	0	0.0902408	0	0	0	0	0	0	0	0.0893136	0	0	0	0	0	0	0.137532	0	0	0	0	0	0	0	0	0	0	0.0254228	0	0	0.0680134	0	0.0729685	0	0	0	0	0.0805338	0	0	0	0	0	0	0	0	0.00526713	0	0	0.0396663	0.0448628	0	0	0	0	0	0	0	0.0312112	0	0	0.0403439	0	0	0	0	0	0	0	0	0	0	0	0.0550841	0	0.0994723	0	0	0	0	0.0820953	0	0	0	0.0728847	0	0	0	0	0	0	0.0230546	0	0	0	0.0557477	0.000603822	
c_000000000045	0	0	0	0.0114041	0.00708938	0	0	0	0	0	0	0.0163225	0.0121941	0	0	0	0	0	0	0.0559601	0	0	0	0	0	0	0.0208609	0	0	0.0827102	0.00189729	0	0	0	0	0	0	0	0	0.122533	0.00277691	0	0	0	0	0.076678	0	0	0.0928341	0.000485442	0	0	0	0	0	0	0	0	0.013841	0	0	0	0	0	0	0	0	0	0	0	0.0209612	0	0	0	0	0.0254917	0	0	0	0	0	0	0	0	0	0	0	0	0	0	0	0.0355002	0	0	0	0	0	0.0392107	0.00306154	0	0	
c_000000000046	0	0	0	0	0.00333262	0	0	0	0	0	0	0.0408038	0	0	0	0	0	0	0	0.0672065	0	0	0	0	0	0	0	0	0	0.0417234	9.71965e-05	0	0	0	0	0	0	0	0	0	0.021036	0	0	0	0	0.00879835	0	0	0.0333015	0.0044712	0	0	0	0	0	0	0	0	0	0.0234166	0	0	0	0	0.0183471	0	0	0	0	0	0.0919982	0.0214065	0	0	0	0.0444031	0.014248	0	0	0	0	0	0	0.00707223	0	0	0	0	0	0	0	0.0155212	0.0257513	0	0	0	0	0.0126699	0.0343438	0	0	
c_000000000047	0.0202035	0.0183818	0.0162458	1.92787e-05	0	0	0	0	0	0.000181155	0.00171247	0	0	0	0	0	0.0222668	0.0290115	0.0247716	0	0	0	0	0.000772191	0.00245401	0.000195599	0.0019587	0	0.0333409	0	0	0	0	0.0386685	0	0	0	0	0.053943	0	0	0	0	0	0.0273426	0	0.063217	0.00434108	0	0	0	0	0	0	0	0	0.00405609	0	0	0	0	0.00152164	0	0.00741066	0	0	0	0	0.0127642	0.0109785	0	0	0.0160482	0.0744443	0.0024547	0	0	0	0	0	0	0	0	0	0	0	0	0.00275246	0	0	0	0	0	0.0365979	0.0217939	0	0	0	0	0	0	
c_000000000048	0.0259903	0.0292217	0.0254012	0.0135455	0	0	0	0	0.0638843	0.0601421	0.032657	0.000879891	0	0	0	0	0.0589209	0.0597457	0.0381117	0	0	0	0	0.0269863	0.0278535	0.0300694	0.00350458	0	0.00300765	0	0	0	0	0.0035391	0	0	0	0	0.00354603	0	0	0	0	0	0.00648214	0.000129561	0.000160265	0.0024357	0	0	0	0	0	0	0	0	0.00517498	0	0.000948978	0	0	0.00643784	0	0.000859181	0	0	0	0	0.0030374	0.00012892	0	0	0.00660418	0.00841971	0.00652813	0	0	0	0	0	0	0	0.00590655	0	0	0	0	0.0242513	0	0	0.0270963	0.000640343	0	0.00800933	0.0105232	0	0	4.8994e-05	0	0	0	
c_000000000049	0	0	0	0	0	0	0	0	0	0	0	0.0239955	0	0	0	0	0	0	0	0.00165354	0	0	0	0	0	0	0.000148881	0	0	0.0218567	0.000147593	0	0	0	0	0	0	0	0	0	0.00174815	0	0	0	0	0.0121677	0	0	0.00555202	9.82734e-05	0	0	0	0	0	0	0	0	0.00243469	0.00229501	0	0	0	0	0.000233106	0	0	0	0	0	0.0138599	0	0	0	0	0.0234817	0	0	0	0	0	0	0	0	0	0	0	0	0	0	0	0.00617116	0	0	0	0	0	0.00723941	0.00169265	0	0	
c_000000000051	0	0	0	0	0	0	0	0	0	0	0	0	0.000199822	0	0	0	0	0	0	0	0	0	0	0	0	0	0	0	0	0	0.00843042	0	0	0	0	0	0	0	0	0	0.00145406	0	0	0	0	0	0	0	0	0.00624827	0	0	0	0	0	0	0	0	0	0.00594165	0	0	0	0	0.013125	0	0	0	0	0	0	0.0112088	0	0	0	0	0.00973562	0	0	0	0	0	0	0.0452686	0	0	0	0	0	0	0	0	0	0	0	0	0	0	0.0068318	0	0	
c_000000000052	0	0	0	0	0	0	0	0	0	0	0	0	0.00135946	0	0	0	0	0	0	0	0	0	0	0	0	0	0	0	0	0	0.073403	0	0	0	0	0	0	0	0	0	0.0101901	0	0	0	0	0	0	0	0	0.0260861	0	0.00664157	0	0.00213295	0.00643398	0	0	0	0	0.00112584	0	0	0	0	0.0180823	0	0	0	0	0	0	0.0227927	0	0	0	0	0.0189571	0	0	0	0.0048463	0	0	0.00454064	0	0	0	0	0	0	0	0	0	0	0	0	0	0	0.000917719	0.00105524	0	
c_000000000053	0	0	0	0	0	0	0	0	0	0	0	0	0	0	0	0	0	0	0	0	0	0	0	0	0	0	0	0	0	0	0.035096	0	0.954053	0	0	0	0	0	0	0	0	0	0	0.0579274	0	0	0	0	0	0.00311208	0	0	0	0	0	0	0	0	0	0	0	0	0	0	0	0	0	0	0	0	0	0	0	0	0	0	0	0	0	0	0.0447935	0	0	0	0	0	0	0	0	0	0	0	0	0	0	0	0.231474	0	0	0	0	
c_000000000054	0.0277188	0.0310574	0.0311084	0.0348117	0.0013682	0	0	0	0.0677404	0.0597438	0.0550257	0.0171798	0.00101639	0	0	0	0.0679476	0.0751135	0.0575707	0	0	0	0	0.0445579	0.0466878	0.0539988	0.0146124	0	0.0146204	0.0182303	0.000302555	0	0	0.0186914	0	0	0	0	0.0167698	0	0.00312861	0	0	0	0.0246822	0.00161799	0.00927365	0.0182468	0.00026068	0.00116283	0	0	0	0	0	0	0.0114565	0	0.00538908	0.00394209	0	0.0138658	0	0.0054073	0.000518731	0	0	0	0.00681547	0.0037321	0.000931131	0.00053922	0.00938787	0.0132099	0.0236735	0.00685593	0	0	0	0	0	0.131869	0.0605089	0.000316038	0	0	0	0.0529896	0	0	0.0648298	0.062946	0	0.0211656	0.0271625	0	0	0.00287642	0.00164956	0	0	
c_000000000055	0	0	0	0	0	0	0	0	0	0	0	0	0	0	0	0	0	0	0	0	0	0	0	0	0	0	0	0	0	0	0	0	0	0	0	0	0	0	0	0	0	0	0	0	0	0	0	0.000439837	0	0	0	0	0	0	0	0	0	0	0	0	0	0	0	0.0176736	0	0	0	0	0	0.0183632	0	0	0	0	0.000607887	0	0	0	0	0	0	0	0	0	0	0	0	0	0	0	0	0	0	0	0	0	0	0	0	0	0	
c_000000000056	0	0	0	0	0	0	0	0	0	0	0	0	0.00421746	0	0	0	0	0	0	0.000644618	0	0	0	0	0	0	0	0	0	0	0.0160146	0	0	0	0	0	0	0	0	0	0.00437847	0	0	0	0	0	0	0	0	0.0109696	0	0	0	0	0	0	0	0	0	0.00310843	0	0	0	0	0.0136098	0	0	0	0	0	0	0.0135493	0	0	0	0	0.00738136	0	0	0	0	0	0	0.0269125	0	0	0	0	0	0	0	0	0	0	0	0	0	0	0.00733899	0	0	
c_000000000057	0.0172432	0.0197336	0.0151153	0.0154206	0	0	0	0	0.0186736	0.0228731	0.0121833	0.00825718	0	0	0	0	0.0226529	0.0182114	0.0183177	0	0	0	0	0.0262854	0.02527	0.0203859	0.0125616	0	0.0348329	0.00730081	0	0	0	0.0359668	0	0	0	0	0.0486832	0	0	0	0	0	0.0562673	0.00621072	0.0382897	0.0223534	0.00411434	0	0	0	0	0	0	0	0.00835498	0	0.00744661	0	0	0.0131726	0	0.00339383	0	0	0	0	0	0.00296229	0.00243475	0	0.00216418	0.00636424	0.00428776	0.000126184	0	0	0	0	0	0	0	0	0	0	0	0.00830373	0	0	0.00451276	0	0	0.0159468	0.0149664	0	0	0.00377476	0	0	0	
c_000000000058	0	0	0	0	0.00175324	0	0	0	0	0	0	0	0.00986834	0	0	0	0	0	0	0	0	0	0	0	0	0	0	0	0	0	0.0423314	0	0	0	0	0	0	0	0	0	0.0142605	0	0	0	0	0	0	0	0	0.0518206	0	0	0	0	0	0	0	0	0	0.00189757	0	0	0	0	0.0456595	0	0	0	0	0	3.81617e-05	0.0551048	0	0	0	0	0.0518106	0	0	0	0	0	0	0.0175083	0	0	0	0	0	0	0	0	0	0	0	0	0	0.000257541	0.0205187	0	0	
c_000000000059	0.0110907	0.00828875	0.0172957	0.00735517	0	0	0	0	0.00571001	0.00983157	0.0209275	0	0	0	0	0	0.00801223	0.0106294	0.0411889	0	0	0	0	0.0295987	0.0300922	0.0288507	0.00542729	0	0.0395661	0.00107895	0	0	0	0.0415101	0	0	0	0	0.0461962	0	0	0	0	0	0.040385	0	0.0355789	0.0786544	0	0	0	0	0	0	0	0	0.0561402	0	0.00336864	0	0	0.0274739	0	0.0840064	0	0	0	0	0.00796266	0.0938736	1.12908e-05	0	0.010998	0.0555485	0.0535388	0	0	0	0	0	0	0.108082	0.12778	0	0	0	0	0.0842986	0	0	0.0857765	0	0	0.0638804	0.0663189	0	0	0.0001151	0	0	0	
c_000000000061	0.00670518	0.00683352	0.0211179	0.00838804	0	0	0	0	0.00219886	0.00395179	0.021173	0	0	0	0	0	0.00160106	0.00189915	0.0326096	0	0	0	0	0.017121	0.018798	0.0164236	0.013083	0	0.0308009	0.00260704	0	0	0	0.0306042	0	0	0	0.00556408	0.0232487	0	0	0	0	0	0.0167316	0.000435607	0.0100222	0.0425184	0.0018438	0	0	0	0	0	0	0	0.034067	0	0.00933539	0	0	0.0043223	0	0.0913215	0	0	0	0	0.000448065	0.0915967	0.000380213	0	0.00151638	0.033134	0.0811118	0	0	0	0	0	0	0.00534781	0.0226679	0	0	0	0	0.0250784	0	0	0.0184075	3.63023e-05	0	0.0513371	0.0448498	0	0	0.00139014	0	0	0	
c_000000000062	0.0119744	0.00817978	0.0150454	0.012866	0	0	0	0	0.00401402	0.00383311	0.0159637	0	0	0	0	0	0.000278359	0.00053845	0.0102523	0	0	0	0	0.0183262	0.0216947	0.020908	0.00331167	0	0.0187748	0.000178691	0	0	0	0.01999	0	0	0	0	0.0121403	0	0	0	0	0	0.0215684	0	0	0.0143761	0.000365642	0	0	0	0	0	0	0	0.0600422	0	0.011073	0	0	0.0502457	0	0.0192573	0	0	0	0	0.000964972	0.0175162	0	0	0.00500776	0.00333459	0.0024278	0	0	0	0	0	0	0.0435175	0.0347198	0	0	0	0	0.0493897	0	0	0.0562979	0	0	0.023076	0.0379927	0	0	0.000197581	0	0	0	
c_000000000063	0	0	0	0	0.0292378	0.0576917	0	0	0	0	0	0	0.0294402	0.0654778	0	0	0	0	0	0.0298891	0.0213751	0	0	0	0	0	0	0	0	0.000133897	0.015374	0.028844	0	0	0.038499	0	0.0548301	0	0	0	0.0383456	0.0635905	0	0	0	0	0	0	0	0.0226023	0.0217142	0	0	0.0348401	0.0550703	0	0	0	0	0.0545445	0	0	0.0369854	0	0.0204102	0.0213217	0	0	0	0	0.00103194	0.0239319	0	0	0	0.0114299	0.0333942	0.0340043	0	0.0406598	0	0	0	0.0204284	0.0153785	0	0	0	0.0226925	0	0	0	0	0	0	0.0302135	0	0.00174984	0.0260895	0.0379077	0	
c_000000000064	0	0	0	0	0.00635077	0	0	0	0	0	0	0	0.0140794	0	0	0	0	0	0	0.000487571	0	0	0	0	0	0	0	0	0	0	0.0133395	0	0	0	0	0	0	0	0	0	0.0153707	0	0	0	0	0	0	0	0	0.0180681	0	0	0	0	0	0	0	0	0	0.00798456	0	0	0	0	0.0283232	0	0	0	0	0	0.000265512	0.0268822	0	0	0	0	0.0127261	0	0	0	0	0	0	0.0257535	0	0	0	0	0	0	0	0	0	0	0	0	0	7.15248e-05	0.0116712	0	0	
c_000000000065	0.00259576	0.00128167	0.0112459	0.0774503	0	0	0	0	0	0.000100753	0.0286206	0.007048	0	0	0	0	0	0	0.0303482	0	0	0	0	0.00734284	0.0123891	0.00548626	0.0520709	0	0.00491944	0	0	0	0	0.00337636	0	0	0	0	0.00412528	0	0	0	0	0	0.00246453	0	0.00337807	0.0172389	0	0	0	0	0	0	0	0	0.00949839	0	0.02801	0	0	0	0	0.0130273	0	0	0	0	0	0.0141346	1.54198e-05	0	6.25063e-05	0.023891	0.133583	0	0	0	0	0	0	0	0.0141024	0	0	0	0	0.0279517	0	0	0.0185571	0	0	0.0349153	0.0311795	0	0	0.00153909	0	0	0	
c_000000000066	0.00625814	0.00242417	0.00421758	0	0	0	0	0	0.000790307	0	0.000125868	0	0	0	0	0	0.017422	0.00631484	0.0116458	0	0	0	0	0.00137783	0.00485624	0.000211156	0	0	0.0558863	0.000809034	0	0	0	0.0582906	0	0	0	0	0.0275592	0	0	0	0	0	0.0189082	0	0.0358901	0.00661242	0	0	0	0	0	0	0	0	0	0	0	0	0	0	0	0.000188359	0	0	0	0	0.00802717	0	0	0	0.00876784	0.038608	0.00595689	0	0	0	0	0	0	0	0	0	0	0	0	0.00659048	0	0	0.00237726	0	0	0.0367226	0.0234959	0	0	0	0	0	0	
c_000000000067	0.0160951	0.0135522	0.0267693	0.016019	0	0	0	0	0.00356246	0.00643256	0.0219157	0	0	0	0	0	0.00328822	0.00514407	0.029602	0	0	0	0	0.0155279	0.0169413	0.0100335	0.0076694	0	0.0954814	0.00388899	0	0	0	0.0966549	0	0	0	0.179024	0.0825393	0	0	0	0	0	0.0747433	0.000554678	0.0398369	0.0611029	5.14307e-05	0	0	0	0	0	0	0	0.0518901	0	0.00866318	0	0	0.0165442	0	0.0468714	0	0	0	0	0.00104565	0.0495362	0.000129193	0	0.0032432	0.066439	0.072035	0	0	0	0	0	0	0.065632	0.081065	0	0	0	0	0.0617197	0	0	0.060746	0	0	0.0743856	0.0596069	0	0	0.000739624	0	0	0	
c_000000000068	0	0	0	0	0	0	0	0.00014816	0	0	0	0	0	0	0	0	0	0	0	0	0	0	0	0	0	0	0	0	0	0	0	0	0	0	0	0	0	0	0	0	0	0	0	0.518743	0	0	0	0	0	0	0	0	0	0	0	0	0	0	0	0	0	0	0	0	0	0	0	0	0	0	0	0	0	0	0	0	0	0.00478711	0.511583	0.00969707	0.00230775	0	0	0	0	0	0	0	0	0	0	0	0	0	0	0	0	0	0	0	0	
c_000000000069	0.00521765	0.0011302	0.0127981	0.0015568	0	0	0	0	0.00777666	0.00970831	0.03339	0	0	0	0	0	0.00292378	0.00405046	0.0179596	0	0	0	0	0.00558149	0.0101689	0.00065914	0.00516529	0	0	0	0	0	0	0	0	0	0	0	0	0	0	0	0	0	0	0	0	0	0	0	0	0	0	0	0	0	0.0124336	0	0.000233172	0	0	0	0	0.00208032	0	0	0	0	0	0.000486222	0	0	0	0.00242104	0.00624337	0	0	0	0	0	0	0	0	0	0	0	0	0.0104601	0	0	0.00931877	0	0	0.00191828	0.00265056	0	0	1.57614e-05	0	0	0	
c_000000000070	0.0259764	0.0199034	0.0293618	0.0193138	0	0	0	0	0.0177149	0.0164269	0.0265839	0.000314823	0	0	0	0	0.00272397	0.00281194	0.0143773	0	0	0	0	0.0232801	0.0253147	0.0250189	0.00400944	0	0.0121373	0.000916873	0	0	0	0.0125023	0	0	0	0	0.00730425	0	0	0	0	0	0.0176203	0	0	0.00896292	0.000207416	0	0	0	0	0	0	0	0.0546596	0	0.00813094	0	0	0.0574484	0	0.0103455	0	0	0	0	0.000780667	0.00976536	1.9433e-05	0	0.00345996	0.00152318	0.000344824	0	0	0	0	0	0	0.0300196	0.0266144	0	0	0	0	0.0264842	0	0	0.0266643	0	0	0.0132679	0.0233288	0	0	0.000149164	0	0	0	
c_000000000072	0	0	0	0	0.0112991	0.00488519	0	0	0	0	1.83977e-05	0	0.0202492	0.0153834	0	0	0	0	0	0.000436805	0	0	0	0	0	0	0	0	0	0	0.0107635	0	0	0	0.00227487	0.0108596	0.00788285	0	0	0	0.0130119	0.00640763	0.010452	0	0	0	0	0	0	0.0147658	0	0.061235	0	0	0.00262181	0	0	0	0	0.0172837	0	0	0	0	0.01225	0	0.0158428	0	0	0	0.000140667	0.00969804	0	0	0	0.00253976	0.0185456	0.00167431	0	0.00335702	0.0138843	0	0	0.0185646	0	0	0	0	0	0	0	0	0	0	0	0	0	0	0.0116412	0.000737029	0.029251	
c_000000000073	0.000649066	0	0.000296817	0	0	0	0	0	0	0	0	0	0	0	0	0	0	0	0	0	0	0	0	0	0	0	0	0	0.00190619	0	0	0	0	0.00116776	0	0	0	0	0.03546	0	0	0	0	0	0.0269303	0	0.0676139	0.0361948	0	0	0	0	0	0	0	0	0.0207602	0	0	0	0	0.041276	0	0.0094012	0	0	0	0	0.0287258	0.00841306	0	0	0.0289056	0.0269884	0.00926317	0	0	0	0	0	0	0	0	0	0	0	0	0.0164297	0	0	0.0126599	0	0	0.00238393	0.00537547	0	0	0	0	0	0	
c_000000000074	0.0108859	0.00849606	0.0162339	0.00898132	0	0	0	0	0.00222876	0.00532542	0.0142041	0	0	0	0	0	0.00188871	0.00160216	0.0180744	0	0	0	0	0.00634611	0.00842111	0.00406453	0.00220599	0	0.0221239	0	0	0	0	0.0189194	0	0	0	0	0.0147862	0	0	0	0	0	0.00701897	0	0.0255023	0.0394737	0	0	0	0	0	0	0	0	0.0245961	0	0.000186405	0	0	0.0102506	0	0.0844879	0	0	0	0	0.0132406	0.0862823	0	0	0.0113896	0.0605424	0.0621094	0	0	0	0	0	0	0.0811425	0.137793	0	0	0	0	0.0718415	0	0	0.0668869	0	0	0.0986527	0.115237	0	0	3.51661e-05	0	0	0	
c_000000000075	0.00392525	0.0026746	0.00423618	0.00528662	0.0081662	0.0012671	0	0	0.00578823	0.00496339	0.00563865	0.0244653	0.00656883	0.009357	0	0	0.00387788	0.00400165	0.00374076	0.00264811	0	0	0	0.00167986	0.00267756	2.49491e-05	0.00509036	0	0.0052506	0.0194681	0.0107486	0.00256075	0	0.00224044	0.005905	0	0.0129821	0	0.00229568	0.0107292	0.00920021	0.00417609	0	0	0.00227722	0.0245497	0.00209941	0.00524389	5.54894e-05	0.00536592	0	0	0	0	0.000508961	0	0.00083969	0	0.00136218	0.0285395	0	0.00101633	0	0.00159971	0.00651647	0.00130626	0	0	0.00416602	0.0012962	0.00563142	0.00366773	0.00195184	0.00122046	0.0028693	0.0140958	0.00305577	0.00264465	0	0.00452607	0	0.0133579	0.00652629	0.0126466	0	0	0	0.00320919	0	0	0.00382684	0.0481886	0	0.00156153	0.00218957	0.000661411	0	0.00592299	0.00644787	0.00296	0	
c_000000000076	0	0	0	0	0	0	0	0	0	0	0	0	0	0	0	0	0	0	0	0	0	0	0	0	0	0	0	0	0	0	0.00446566	0	0	0	0	0	0	0	0	0	0.0126785	0	0	0	0	0	0	0	0	0.0133166	0	0	0	0	0	0	0	0	0	0.0143524	0	0	0	0	0.0133862	0	0	0	0	0	0	0.0154641	0	0	0	0	0.0138185	0	0	0	0	0	0	0.0160044	0	0	0	0	0	0	0	0	0	0	0	0	0	0	0.0115327	0	0	
c_000000000077	0	0	0	0	0	0.167945	0	0	0	0	0	0	0	0.179353	0	0	0	0	0	0	0.12116	0	0	0	0	0	0	0	0	0	0.00205827	0.111598	0	0	0.113843	0	0.109311	0	0	0	1.03232e-06	0.192031	0	0	0	0	0	0	0	0.00102827	0.154126	0	0	0.143386	0.143631	0	0	0	0	0	0	0	0.274449	0	0.00123797	0.0744769	0	0	0	0	0	0.00161086	0	0	0	0	0.00310044	0.106802	0	0.107673	0	0	0	0.0005508	0.0638572	0	0	0	0.0703915	0	0	0	0.0324235	0	0	0.130017	0	0	7.1537e-05	0.131501	0	
c_000000000078	0	0	0	0	0	0	0	0	0	0	0	0	0	0	0	0	0	0	0	0	0	0	0	0	0	0	0	0	0	0.00762896	0	0	0	0	0	0	0	0	0	0	6.27996e-05	0	0	0	0	0.0158744	0	0	0	0	0	0	0	0	0	0	0	0	0	0.000713245	0	0	0	0	0	0	0	0	0	0	0.0529638	0	0	0	0	0.0642825	0	0	0	0	0	0	0	0	0	0	0	0	0	0	0	0.00581328	0.00506566	0	0	0	0	0.0712755	0.00431263	0	0	
c_000000000079	0.00921231	0.00528523	0.0309626	0.0218197	0	0	0	0	0.00628854	0.00673516	0.0701569	0	0	0	0	0	0	0	0.0174038	0	0	0	0	0.00164111	0.00579922	0	0.0127408	0	0.000379936	0	0	0	0	0.000471173	0	0	0	0	0	0	0	0	0	0	0	0.00485567	0	0.00266346	0	0	0	0	0	0	0	0	0.0499908	0	0.0313281	0	0	0.0023181	0	0.0250971	0	0	0	0	0	0.0241325	0	0	5.33611e-05	0.00279643	0.0177971	0	0	0	0	0	0	0	0.00122422	0	0	0	0	0.0140015	0	0	0.0109298	0.00156285	0	0.00498122	0.00932535	0	0	0.00549879	0	0	0	
c_000000000081	0	0	0	0	0	0	0	0	0	0	0	0	0	0	0	0	0	0	0	0	0	0	0	0	0	0	0	0	0	0	3.64624e-05	0	0	0	7.59254e-05	0	0.00116914	0	0	0	0	0	0	0	0	0	0	0	0	0.00273093	0	0	0	0	0.0012444	0	0	0	0	0.000103209	0	0	0	0	0.0202755	5.01184e-05	0	0	0	0	0	0.0265474	0	0	0	0	0.065425	0.000312425	0	0.00247849	0	0	0	0.00685798	3.49543e-05	0	0	0	0	0	0	0	0	0	0	0	0	0	0.0205085	0.00102547	1.99066e-05	
c_000000000082	0	0	0	0	0	0	0	0	0	0	0	0	0	0	0	0	0	0	0	0	0	0	0	0	0	0	0	0	0	0	0.0119277	0	0	0	0	0	0	0	0	0	0	0	0	0	0	0	0	0	0	2.30266e-05	0	0	0	0	0	0	0	0	0	0	0	0	0	0	0.00438068	0	0	0	0	0	0	0.00111749	0	0	0	0	0.006302	0	0	0	0	0	0	0	0	0	0	0	0	0	0	0	0	0	0	0	0	0	0	0	0.00308195	
c_000000000084	0	0	0.000286163	0.00230105	0	0	0	0	0	0	0.00184904	0	0	0	0	0	0	0	0.000481643	0	0	0	0	0	5.9902e-05	0	0.00953075	0	0.00404582	0.00114746	0	0	0	0.00243268	0	0	0	0	0.000183187	0	0	0	0	0	0	0.00317282	0	0.00624426	0.000443653	0	0	0	0	0	0	0	4.83263e-05	0	0.00370745	0	0	0	0	0.0272764	0	0	0	0	0	0.0251455	0.00195672	0	0	0.00107475	0.0163008	0.000586831	0	0	0	0	0	0	0	0	0	0	0	6.24473e-05	0	0	0	0.00152847	0	0.00293649	0.00221857	0	0	0.0113661	0	0	0	
c_000000000085	0	0	0	0	0.0318209	0	0	0	0	0	0	0	0.124713	0	0	0	0	0	0	0.0234677	0	0	0	0	0	0	0	0	0	0	0.0243206	0	0	0	0	0	0	0	0	0	0.0304674	0	0	0	0	0	0	0	0	0.0133388	0	0	0	0	0	0	0	0	0	0.00602821	0	0	0	0	0.00305883	0	0	0	0	0	0	0.000893919	0	0	0	0.00251822	0.0140811	0	0	0	0	0	0	0.000351461	0	0	0	0	0	0	0	0	0	0	0	0	0	0.00268473	0.00766974	0	0	
c_000000000086	0.021463	0.0176629	0.0245781	0.0171288	0	0	0	0	0.0159909	0.0133129	0.0222977	0	0	0	0	0	0.00186955	0.0019944	0.0112606	0	0	0	0	0.0186362	0.0219755	0.0199403	0.00251252	0	0.00958342	0.00024269	0	0	0	0.0101706	0	0	0	0	0.00506034	0	0	0	0	0	0.0176641	0	0	0.00550997	0	0	0	0	0	0	0	0	0.0452978	0	0.00618691	0	0	0.050191	0	0.00870135	0	0	0	0	0.000175485	0.00873711	0	0	0.00273402	0.000928934	0	0	0	0	0	0	0	0.0013872	0.00662669	0	0	0	0	0.0215585	0	0	0.0212519	0	0	0.0101005	0.0207702	0	0	5.29846e-05	0	0	0	
c_000000000087	0.00449852	0.00438032	0.0153967	0.00562906	0	0	0	0	0.00111001	0.00213652	0.0159543	0	0	0	0	0	0.00087796	0.000741385	0.0227231	0	0	0	0	0.0114666	0.0123199	0.0110218	0.00923052	0	0.0215573	0.00104134	0	0	0	0.0219325	0	0	0	0	0.0150522	0	0	0	0	0	0.00837338	7.39871e-05	0.00756753	0.0281185	0.00131235	0	0	0	0	0	0	0	0.0252503	0	0.00624186	0	0	0.00217585	0	0.0663927	0	0	0	0	0	0.0642119	0.000246755	0	0.00104723	0.0235388	0.0575881	0	0	0	0	0	0	0	0.0119584	0	0	0	0	0.0170424	0	0	0.0138536	0	0	0.0369583	0.0346326	0	0	0.00086751	0	0	0	
c_000000000088	0.00023336	3.09541e-05	0.00063086	0.00228146	0.000689833	0	0	0	1.35728e-05	0.0001633	0.000841912	0.0249997	0	0	0	0	0	0	0.000301302	0.0120564	0	0	0	0.000194605	0.00021562	0	0.00227389	0	0.000398762	0.0386452	2.24343e-05	0	0	0.000144842	0	0	0	0	0	0.0131458	0.00931033	0	0	0	9.60465e-05	0.0230973	0	0.000867976	0.0147315	0.000730775	0	0	0	0	0	0	0.000946508	0	0.0050047	0.0072087	0	0.000116491	0	0.000406555	0.00320682	0	0	0	0	0.00101541	0.0327441	0.00078356	0	6.58539e-05	0.000346949	0.0199445	0	0	0	0	0	0.00676145	0	0	0	0	0	0.000386038	0	0	0.000521153	0.0173841	6.4292e-05	0.000363794	0.000536583	0	0	0.0104439	0.00739484	0	0	
c_000000000089	0	0	0	0	0	0	0	0	0	0	0	0	0	0	0	0	0	0	0	0	0	0	0	0	0	0	0	0	0	0	0.00472246	0	0	0	0	0	0	0	0	0	0.00451982	0	0	0	0	0	0	0	0	0.00755822	0	0	0	0	0	0	0	0	0	0.0216495	0	0	0	0	0.0107516	0	0	0	0	0	0	0.00708458	0	0	0	0	0.00847897	0	0	0	0	0	0	0.0112415	0	0	0	0	0	0	0	0	0	0	0	0	0	0	0.00657827	0	0	
c_000000000090	0	0	0	0	0	0	0.129444	0.0627108	0	0	0	0	0	0	0.223144	0.443976	0	0	0	0	0	0	0	0	0	0	0	0	0	0	0	0	0	0	0	0	0	0	0	0	0	0	0	0	0	0	0	0	0	0	0	0	0	0	0	0	0	0	0	0	0	0	0	0	0	0	0	0	0	0	0	0	0	0	0	0	0	0	0	0	0	0	0	0	0	0	0	0	0	0	0	0	0	0	0	0	0	0	0	0	0	
c_000000000092	0	0	0	0	0	0	0	0	0	0	0	0	0	0	0	0	0	0	0	0	0	0	0	0	0	0	0	0	0	0	0.0048599	0	0	0	0.000478745	0	0.00164593	0	0	0	0.00607142	0.000367444	0	0	0	0	0	0	0	0.00787739	0	0	0	0.000214478	0.00101163	0	0	0	0	0.0213824	0	0	0	0	0.00998328	0.00022239	0	0	0	0	0	0.00992626	0	0	0	0	0.00855759	0.000126194	0	0.000413355	0	0	0	0.00900988	0.000596139	0	0	0	0.000832145	0	0	0	0	0	0	0.000164455	0	0	0.00704278	0.000505696	0.000545748	
c_000000000093	0.00592894	0.0035337	0.0249852	0.0172676	0	0	0	0	0.00295693	0.00324384	0.0555541	0	0	0	0	0	0	0	0.0122238	0	0	0	0	0.00038586	0.00304093	0	0.0124276	0	0	0	0	0	0	0	0	0	0	0	0	0	0	0	0	0	0	0.00656175	0	0.00203836	0	0	0	0	0	0	0	0	0.0371556	0	0.031176	0	0	0.00025671	0	0.0158343	0	0	0	0	0	0.0150211	6.63725e-06	0	0	0.00104217	0.0126175	0	0	0	0	0	0	0	0	0	0	0	0	0.00377057	0	0	0.00215396	0.000807735	0	0.00190756	0.00359444	0	0	0.004587	0	0	0	
c_000000000094	0	0	0	0	0.00586947	0	0	0	0	0	0	0	0	0	0	0	0	0	0	0	0	0	0	0	0	0	0	0	0	0	0.0101339	0	0	0	0	0	0	0	0	0	0.025675	0	0	0	0	0	0	0	0	0.0238386	0	0	0	0	0	0	0	0	0	0.0123089	0	0	0	0	0.00913663	0	0	0	0	0	0	0.00995133	0	0	0	0	0.0345322	0	0	0.00175029	0	0	0	0.00901063	0	0	0	0	0	0	0	0	0	0	0	0	0	0	0.00575084	0	0	
c_000000000096	0	0	0	0	0.014065	0	0	0	0	0	0	0.000703397	0.00346216	0	0	0	0	0	0	0.000534047	0	0	0	0	0	0	0	0	0	0.0118886	0.00685754	0	0	0	0	0	0	0	0	0	0.0311022	0	0	0	0	0.00464934	0	0	0.000871661	0.0185357	0	0	0	0	0	0	0	0	0	0.0390919	0	0	0	0	0.0407915	0	0	0	0	0	0.0190903	0.042544	0	0	0	0.022499	0.0360609	0	0	0	0	0	0	0.0134312	0	0	0	0	0	0	0	0	0	0	0	0	0	0.00826696	0.0761201	0	0	
c_000000000097	0.0229012	0.027338	0.024807	0.0173645	0.000120314	0.000193391	0	0	0.0601064	0.051035	0.0304674	0.00258317	0.00037808	0.00204023	0	0	0.0492737	0.0497078	0.0315526	0	0	0	0	0.0233876	0.0264889	0.0259626	0.00583962	0	0.0115495	0.00353424	0.00149379	0	0	0.00763664	0.000857867	0	0.00391122	0	0.0101109	0	0.000189436	0.000856229	0	0	0.0178735	0.001924	0.00873878	0.0127855	0.00020244	0.000526861	0	0	0	7.99746e-05	0.00198599	0	0.0094105	0	0.00320481	0.000113313	0	0.0124834	0	0.00415874	0.00050569	0	0	0	0.00642582	0.00395079	0.00019435	0.000396426	0.0070878	0.0106265	0.0122838	0.000400518	0.000197201	0.000926162	0	0.00176473	0.000354881	0.0556597	0.0370778	0.000712055	0.00118742	0	0	0.0276418	0.00103547	0	0.0383058	0.0142088	0	0.0126419	0.0158642	0.000750006	0	0.000955333	2.42003e-05	0.00177695	0.00188661	
c_000000000098	0.0172683	0.0122395	0.0113859	0.00164819	0	0	0	0	0.0101899	0.0117758	0.00427452	0	0	0	0	0	0.0160536	0.0165947	0.0139543	0	0	0	0	0.0170905	0.0171444	0.0142408	0.00103959	0	0.101729	0.00320746	0	0	0	0.0978827	0	0	0	0.181854	0.0607816	0	0	0	0	0	0.0674155	0.000474905	0.0601633	0.0244087	0.00489578	0	0	0	0	0	0	0.091199	0.0238262	0	0.00131952	0	0	0.0396491	0	0.006405	0	0	0	0	0.00962161	0.00895488	8.40453e-05	0	0.00821075	0.021326	0.00580404	0	0	0	0	0	0	0.00186161	0.0208815	0	0	0	0	0.0114618	0	0	0.0117163	0	0	0.0268159	0.0211122	0	0	0.000103809	0	0	0	
c_000000000099	0	0	0	0	0.000128844	0	0	0	0	0	0	0	0	0	0	0	0	0	0	0	0	0	0	0	0	0	0	0	0	0	0.0117357	0	0	0	0	0	0	0	0	0	0.000452493	0	0	0	0	0	0	0	0	0.0106795	0	0	0	0	0	0	0	0	0	0	0	0	0	0	0.013756	0	0	0	0	0	0	0.0159401	0	0	0	0	0.00461546	0	0	0	0	0	0	2.68728e-05	0	0	0	0	0	0	0	0	0	0	0	0	0	0	0.0012573	0	0	
c_000000000100	0	0	0	0	0.00437664	0	0	0	0	0	0	0	0	0	0	0	0	0	0	0	0	0	0	0	0	0	0	0	0	0.00251104	0.0011772	0	0	0	0	0	0	0	0	0	0.0202709	0	0	0	0	0.000235473	0	0	0	0.00881316	0	0	0	0	0	0	0	0	0	0.062893	0	0	0	0	0.0219653	0	0	0	0	0	0.011992	0.0284147	0	0	0	0.0134631	0.0212169	0	0	0	0	0	0	0.0173664	0	0	0	0	0	0	0	0	0	0	0	0	0	0.00330134	0.138169	0	0	
c_000000000101	0	0	0	0	0	0	0	0	0	0	0	0.0339269	0	0	0	0	0	0	0	0	0	0	0	0	0	0	0	0	0	0.00387458	0.000660843	0	0	0	0	0	0	0	0	0	0.00219857	0	0	0	0	0.00589756	0	0	0	0.000979553	0	0	0	0	0	0	0	0	0	0.00461262	0	0	0	0	0.000609615	0	0	0	0	0	0.00430643	0	0	0	0	0.0280484	0.00244371	0	0	0	0	0	0	0	0	0	0	0	0	0	0	0.014845	0	0	0	0	0	0.0123891	0.000493847	0	0	
c_000000000102	0	0	0.00404234	0.0580657	0	0	0	0	0	0	0.00882419	0.0389023	0	0	0	0	0	0	0.00150057	0	0	0	0	0	0.000322007	0	0.0713254	0	0	0.0213039	0.00279515	0	0	0	0	0	0	0	0	0.0295375	0.000369268	0	0	0	0	0.0364023	0	0.00874791	0.00972438	0	0	0	0	0	0	0	0.00487517	0	0.0740293	0	0	0	0	0.00545447	0	0	0	0	0	0.00397097	0.0152037	0	0	0	0.00876056	0.0223541	0.000284761	0	0	0	0	0.0037959	0	0	0	0	0	0	0	0	0	0.0403407	0	0	0	0	0	0.0243931	0.00112028	0	0	
c_000000000103	0	0	0	0.00283943	0	0	0	0	0	0	0.000301527	7.0973e-06	0	0	0	0	0	0	0	0	0	0	0	0	0	0	0.0127937	0	0	0.000928345	0	0	0	0	0	0	0	0	0	0	0	0	0	0	0	0.00208344	0	0.0013653	0.00593722	0	0	0	0	0	0	0	0	0	0.0133374	0	0	0	0	0	0	0	0	0	0	0	0.000762323	0	0	0	0	0	0	0	0	0	0	0	0	0	0	0	0	0	0	0	0	0	0	0	0	0	0	0.000175589	0	0	0	
c_000000000104	0	0	4.66429e-05	0.00179724	0	0	0	0	0	0	4.46437e-05	0.0124352	0	0	0	0	0	0	0	0	0	0	0	0	0	0	0.00080983	0	0	0.0204893	0	0	0	0	0	0	0	0	0	0	0.00117493	0	0	0	0	0.0151087	0	0.000198167	0.00120673	0	0	0	0	0	0	0	4.69125e-05	0	0.00761237	0	0	0	0	5.34189e-05	0	0	0	0	0	0.000146539	0.0345603	0	0	0	0	0.0101014	0	0	0	0	0	0	0	0	0	0	0	0	0	0	0	0.00797576	0.00199095	0	5.51906e-05	0	0	0.00991822	0.00244471	0	0	
c_000000000105	0	0	0.000747422	0	0	0	0	0	0	0	0	0	0	0	0	0	0	0	0	0	0	0	0	0	0	0	0.0127644	0	0	0	0	0	0	0	0	0	0	0	0	0	0	0	0	0	0	0.012056	0	0	0	0	0	0	0	0	0	0	0	0	6.23259e-05	0	0	0	0	0	0	0	0	0	0	0	7.39412e-05	0	0	0	0	0	0	0	0	0	0	0	0	0	0	0	0	0	0	0	0	0	0	0	0	0	0	0.00186359	0	0	0	
c_000000000106	0.00991469	0.00999438	0.00691447	0.00382676	0	0	0	0	0.00830787	0.0117605	0.00404282	0	0	0	0	0	0.0269606	0.0252446	0.016375	0	0	0	0	0.016709	0.0121555	0.0113397	0.00185824	0	0.0143241	0	0	0	0	0.0133859	0	0	0	0	0.0268958	0	0	0	0	0	0.0391294	0	0.0126222	0.000803899	0	0	0	0	0	0	0	0	0.0014294	0	0	0	0	0.00257522	0	0.000934509	0	0	0	0	0.000760589	0.000300108	0	0	0.00256209	0.00655865	0.00146874	0	0	0	0	0	0	0	0	0	0	0	0	0.000262134	0	0	0	0	0	0.00732081	0.00500085	0	0	0	0	0	0	
c_000000000108	0.0367597	0.0347581	0.0217024	0	0	0	0	0	0.0263574	0.0265898	0.000905776	0	0	0	0	0	0.0254349	0.0182911	0.0132781	0	0	0	0	0.0109832	0.0103037	0.00797539	0	0	0	0	0	0	0	0	0	0	0	0	0.0036744	0	0	0	0	0	0.0043213	0	0.000265288	0	0	0	0	0	0	0	0	0	0.00736511	0	0	0	0	0.0165044	0	0	0	0	0	0	0	0	0	0	0.0022604	0.00117757	0	0	0	0	0	0	0	0	0	0	0	0	0	0	0	0	0	0	0	0	0	0	0	0	0	0	0	
c_000000000109	0.150425	0.210287	0.0878601	0	0	0	0	0	0.0796119	0.0757836	0.00717649	0	0	0	0	0	0.0224504	0.0265063	0.0163796	0	0	0	0	0.0128836	0.0101598	0.00507916	0	0	0	0	0	0	0	0	0	0	0	0	0	0	0	0	0	0	0	0	0	0	0	0	0	0	0	0	0	0.166839	0.020102	0	0	0	0	0.0683096	0	0.00129647	0	0	0	0	0.0846191	7.48254e-05	0	0	0.0766033	0.0180552	0.000678906	0	0	0	0	0	0	0	0	0	0	0	0	0	0	0	0	0	0	0.00313382	0.000983933	0	0	0	0	0	0	
c_000000000110	0	0	0	0.00164286	0	0	0	0	0	0	0	0.0189813	0	0	0	0	0	0	0	0.00204969	0	0	0	0	0	0	0.000706791	0	0	0.0205677	0	0	0	0	0	0	0	0	0	0	0.000242245	0	0	0	0	0.00883324	0	0	0.00205636	0	0	0	0	0	0	0	0	0	0.0145334	0	0	0	0	0	0	0	0	0	0	0	0.0263245	0	0	0	0	0.0164632	0	0	0	0	0	0	0	0	0	0	0	0	0	0	0	0.03181	0.000332435	0	0	0	0	0.011553	0.000535212	0	0	
c_000000000111	0.00908378	0.00801381	0.00886477	0.0160317	0	0	0	0	0.0112106	0.0123776	0.0105258	0	0	0	0	0	0.0116715	0.00989352	0.010479	0	0	0	0	0.0110157	0.0114875	0.010635	0.00183599	0	0.0147329	0.0061392	0	0	0	0.0156155	0	0	0	0	0.00933614	0	0	0	0	0	0.0161721	3.23547e-05	0.00777315	0.00751453	0.000171826	0	0	0	0	0	0	0	0.00245139	0	0.000438115	0	0	0	0	0.00385955	0	0	0	0	0	0.00199337	1.1473e-05	0	0.00032104	0.00111609	0.00115352	0	0	0	0	0	0	0	0	0	0	0	0	0	0	0	0	0	0	0.00202978	0.00205336	0	0	0	0	0	0	
c_000000000112	0	0	0	0.000727797	0	0	0	0	0	0	0	0.00677599	0	0	0	0	0	0	0	0	0	0	0	0	0	0	0.000874268	0	0	0.00449041	0.000386427	0	0	0	0	0	0	0	0	0	0.00674232	0	0	0	0	0.000789382	0	0	0.00116685	0.00305621	0	0	0	0	0	0	0	0	0.00374196	0.00652759	0	0	0	1.08711e-05	0.0105121	0	0	0	0	0	0.0103552	0.00979701	0	0	0	0.00154859	0.00645029	0	0	0	0	0	0	0.00394289	0	0	0	0	0	0	0	0.000483774	0	0	0	0	0	0.00216028	0.0168236	0	0	
c_000000000113	0	0	0	0	0.0244334	0.0146976	0	0	0	0	0	0	2.73136e-05	0	0	0	0	0	0	0.00829879	0	0	0	0	0	0	0	0	0	0	0.00871448	0	0	0	0	0	0	0	0	0	0.000781825	0.0170255	0	0	0	0.00386613	0	0	0	0.00511647	0.00161183	0	0	0.0126772	0.0256459	0	0	0	0	0.0055737	0	0	0	0	0.00480894	0	0	0	0	0	0.00631034	0.00375162	0	0	0	0	0.00012245	0	0	0	0	0	0	0	0	0	0	0	0	0	0	0	0	0	0	0.00111199	0	0.00271117	0.00432922	0.00593925	0	
c_000000000116	0	0	0	0	0	0	0	0	0	0	0	0	0.000343593	0	0	0	0	0	0	0	0	0	0	0	0	0	0	0	0	0	0.0120916	0	0	0	0	0	0	0	0	0	0.00122441	0	0	0	0	0	0	0	0	0.0072543	0	0	0	0	0	0	0	0	0	0.000242386	0	0	0	0	0.0117208	0	0	0	0	0	0	0.00964801	0	0	0	0	0.0149428	0	0	4.28161e-06	0	0	0	0.0142216	0	0	0	0	0	0	0	0	0	0	0	0	0	0	0.00223926	0.000211007	0	
c_000000000117	0	0	0	0	0	0	0	0	0	0	0	0.0554515	0	0	0	0	0	0	0	0	0	0	0	0	0	0	0	0	0	0	0	0	0	0	0	0	0	0	0	0	0	0	0	0	0	0	0	0	0	0	0	0	0	0	0	0	0	0	0	0	0	0	0	0	0	0	0	0	0	0	0	0	0	0	0	0	0	0	0	0	0	0	0	0	0	0	0	0	0	0	0	0	0	0	0	0	0	0	0	0	0	
c_000000000118	0	0	0	0.00204053	0	0	0	0	0	0	0.00129275	0.000635012	0	0	0	0	0	0	0	0	0	0	0	0	0	0	0.020908	0	0	0.00126167	0	0	0	0	0	0	0	0	0	0.0192821	0	0	0	0	0	0.0345748	0	0.00197292	0	0	0	0	0	0	0	0	0	0	0.0146224	0	0	0	0	0.00199855	0	0	0	0	0	0.000145002	0.000629793	0	0	0	0.00633182	0.00510963	0	0	0	0	0	0	0	0	0	0	0	0	0	0	0	0.0273273	0	0	0	0	0	0.00682767	0	0	0	
c_000000000119	0.000429501	0	0.00225807	0.000587161	0	0	0	0	0	0	0.00371589	0	0	0	0	0	0	0	0.0067231	0	0	0	0	0	0.000114914	0	0.00109779	0	0.00107953	0	0	0	0	0.00111072	0	0	0	0	0.00127782	0	0	0	0	0	0	0	0.00111367	0.00750712	0	0	0	0	0	0	0	0	0.00489457	0	0	0	0	0	0	0.0837786	0	0	0	0	0	0.081012	0	0	0.000211217	0.0111144	0.0191522	0	0	0	0	0	0	0	0	0	0	0	0	0.00191765	0	0	0.000591663	0	0	0.00262345	0.0022118	0	0	0	0	0	0	
c_000000000120	0	0	0	0	0.0028512	0.12052	0	0	0	0	0	0	0.00185005	0.140735	0	0	0	0	0	0	0.101082	0	0	0	0	0	0	0	0	0	0.00544222	0.0889363	0	0	0.0878846	0	0.0837285	0	0	0	0.00487325	0.144878	0	0	0	0	0	0	0	0.00493913	0.111458	0	0	0.10913	0.105814	0	0	0	0	0.00640675	0	0	0.202817	0	0.00494735	0.0576362	0	0	0	0	1.7014e-05	0.00680385	0	0	0	0	0.00999161	0.0819217	0	0.0814617	0	0	0	0.00422375	0.0467046	0	0	0	0.0577734	0	0	0	0.023915	0	0	0.100352	0	1.45027e-05	0.00364317	0.103203	0	
c_000000000121	0	0	0	0	0	0	0	0	0	0	0	0	0	0	0	0	0	0	0	0	0	0	0	0	0	0	0	0	0	0	0.00516013	0	0	0	0	0	0	0	0	0	3.92267e-05	0	0	0	0	0	0	0	0	0.00507827	0	0	0	0	0	0	0	0	0	0	0	0	0	0	0.00727884	0	0	0	0	0	0	0.00633017	0	0	0	0	0.00946051	0	0	0	0	0	0	0.00775796	0	0	0	0	0	0	0	0	0	0	0	0	0	0	0.00300372	0	0	
c_000000000122	0	0	0	0	0	0	0	0	0	0	0	0	0	0	0	0	0	0	0	0	0	0	0	0	0	0	0	0	0	0	0	0	0	0	0	0	0	0	0	0	0	0	0	0	0	0	0	0	0.238193	0	0	0	0	0	0	0	0	0	0	0	0	0	0	0	0	0	0	0	0	0	0	0	0	0	0	0	0	0	0	0	0	0	0	0	0	0	0	0	0	0	0	0	0	0	0	0	0	0	0	0	0	
c_000000000123	0	0	0	0	0	0	0	0	0	0	0	0	0	0	0	0	0	0	0	0	0	0	0	0	0	0	0	0	0	0	0.0178098	0	0	0	0	0	0.000594414	0	0	0	0	0	0	0	0	0	0	0	0	0.00471432	0	0	0	0	0	0	0	0	0	0	0	0	0	0	0.0293394	0	0	0	0	0	0	0.0336674	0	0	0	0	0.0196365	0	0	0	0	0	0	0.0226311	0	0	0	0	0	0	0	0	0	0	0	0	0	0	0	0	0	
c_000000000124	0	0	0	0	0.0466655	0	0	0	0	0	0	0	0.00970541	0	0	0	0	0	0	0	0	0	0	0	0	0	0	0	0	0	0.0338122	0	0	0	0	0	0	0	0	0	0.00363177	0	0	0	0	0	0	0	0	0.0357097	0	0	0	0	0	0	0	0	0	0.000723198	0	0	0	0	0.0216652	0	0	0	0	0	0	0.0302704	0	0	0	0	0.00991242	0	0	0	0	0	0	0.000661281	0	0	0	0	0	0	0	0	0	0	0	0	0	0	0.0158257	0	0	
c_000000000125	0	0	0	0	0.00176056	0	0	0	0	0	0	0	0.0111043	0	0	0	0	0	0	0	0	0	0	0	0	0	0	0	0	0	0.0664548	0	0	0	0	0	0	0	0	0	0.0196906	0	0	0	0	0	0	0	0	0.0233218	0	0	0	0	0	0	0	0	0	0.00995102	0	0	0	0	0.00855711	0	0	0	0	0	0.00179013	0.00354126	0	0	0	0.00308318	0.0159134	0	0	0	0	0	0	0.00227886	0	0	0	0	0	0	0	0	0	0	0	0	0	0.002857	0.00508451	0	0	
c_000000000126	0	0	0	0	0	0	0	0	0	0	0	0	0	0	0	0	0	0	0	0	0	0	0	0	0	0	0	0	0	0	3.9985e-05	0	0	0	0	0	0	0	0	0	0	0	0	0	0	0	0	0	0	0	0	0	0	0	0	0	0	0	0	0	0	0	0	0	0.0274027	0	0	0	0	0	0	0.0332835	0	0	0	0	0.00654496	0	0	0	0	0	0	0.00208851	0	0	0	0	0	0	0	0	0	0	0	0	0	0	4.13186e-05	0	0	
c_000000000127	0	0	0	0	0.00355648	0	0	0	0	0	0	0	0.0292221	0	0	0	0	0	0	0	0	0	0	0	0	0	0	0	0	0	0.0202598	0	0	0	0	0	0	0	0	0	0.00891285	0	0	0	0	0	0	0	0	0.0251586	0	0	0	0	0	0	0	0	0	0.000699922	0	0	0	0	0.0135444	0	0	0	0	0	0	0.0144528	0	0	0	0	0.0164028	0	0	0	0	0	0	0.0316621	0	0	0	0	0	0	0	0	0	0	0	0	0	0	0.00279272	0	0	
c_000000000128	0	0	0	0	0	0	0	0	0	0	0	0	0	0	0	0	0	0	0	0	0	0	0	0	0	0	0	0	0.013803	0	0	0	0	0.0154234	0	0	0	0	0	0	0	0	0	0	0	0	0	0	0	0	0	0	0	0	0	0	0	0	0	0	0	0	0	0	0	0	0	0	0	0	0	0	0	0	0	0	0	0	0	0	0	0	0	0	0	0	0	0	0	0	0	0	0	0	0	0	0	0	0	0	0	
c_000000000129	0	0	0	0	0	0	0	0.238739	0	0	0	0	0	0	0	0	0	0	0	0	0	0	0	0	0	0	0	0	0	0	0	0	0	0	0	0	0	0	0	0	0	0	0	0	0	0	0	0	0	0.00199941	0.03894	0	0	0.0329851	0.0284443	0	0	0	0	0	0	0	0	0	0	0	0	0	0	0	0	0	0	0	0	0	0.000218834	0.000587171	0	0.000403809	0.184928	0	0	0	0	0	0.212935	0	0	0	0	0	0	0	0	0	0	0	0	0	0	
c_000000000131	0	0	0	0	0	0	0	0.235572	0	0	0	0	0	0	0	0	0	0	0	0	0	0	0	0	0	0	0	0	0	0	0	0	0	0	0	0	0	0	0	0	0	0	0	0	0	0	0	0	0	0.00155439	0.0329165	0	0	0.0291421	0.0250926	0	0	0	0	0	0	0	0	0	0	0	0	0	0	0	0	0	0	0	0	0	0.000442247	0.000175646	0	0.000232765	0.171464	0	0	0	0	0	0.234799	0	0	0	0	0	0	0	0	0	0	0	0	0	0	
c_000000000132	0	0	0	0	0	0	0	0.204038	0	0	0	0	0	0	0	0	0	0	0	0	0	0	0	0	0	0	0	0	0	0	0	0	0	0	0	0	0	0	0	0	0	0	0	0	0	0	0	0	0	0.00195546	0.0402187	0	0	0.030535	0.0242374	0	0	0	0	0	0	0	0	0	0	0	0	0	0	0	0	0	0	0	0	0	0.000248459	0.000101099	0	0.000721978	0.165165	0	0	0	0	0	0.211003	0	0	0	0	0	0	0	0	0	0	0	0	0	0	
c_000000000133	0	0	0	0	0	0	0	0	0	0	0	0.000569332	0	0	0	0	0	0	0	0	0	0	0	0	0	0	0.000831185	0	0	0.0015151	0	0	0	0	0	0	0	0	0	0	0	0	0	0	0	0.000973511	0	0	0.0533356	0	0	0	0	0	0	0	0	0	0	0	0	0	0	0	0	0	0	0	0	0	0.00580482	0	0	0	0	0	0	0	0	0	0	0	0	0	0	0	0	0	0	0	0	0.000645307	0	0	0	0	0	0.00356477	0	0	0	
c_000000000134	0	0	0	0	0	0	0	0	0	0	0	0	0	0	0	0	0	0	0	0	0	0	0	0	0	0	0	0	0	0	0.000662104	0	0	0	0	0	0	0	0	0	0.00566859	0	0	0	0	0	0	0	0	0.0020776	0	0	0	0	0	0	0	0	0	0.0333332	0	0	0	0	0.00215147	0	0	0	0	0	0	0.000152392	0	0	0	0	0.000766372	0	0	0	0	0	0	0.0081558	0	0	0	0	0	0	0	0	0	0	0	0	0	0	0.00848442	0	0	
c_000000000135	0	0	0	0	0.00434265	0.0129316	0.0169945	0.0122009	0	0	0	0	0.0143449	0.0189397	0.00335605	0.0123689	0	0	0	0	0	0	0	0	0	0	0	0	0	0	0.01748	0.00342056	0.000720089	0	0.0269533	0.0146787	0.0490217	0	0	0	0.0119597	0.021371	0.0157591	0.00727179	0	0	0	0	0	0.0126827	0.000968421	0.0262803	0.00436036	0.0142544	0.0288513	0	0	0.0126605	0	0.00294071	0.0172474	0	0.00791435	0	0.00799856	0.017257	0.0269875	0.000908187	0	0	0	0.00846716	0	0	0	0	0.0243121	0.0148434	0	0.037213	0.0124017	0	0	0.00771963	0.0372922	0.00149872	0.00554654	0	0.0341384	0.00459629	0	0	0	0	0	0.00809613	0.0140756	0	0.00491758	0.0222592	0.0440026	
c_000000000137	0	0	0	0	0.0805722	0	0	0	0	0	0	0	0.051084	0	0	0	0	0	0	0.0275887	0	0	0	0	0	0	0	0	0	0	0.00719275	0	0	0	0	0	0	0	0	0	0.0348262	0	0	0	0	0	0	0	0	0.0180733	0	0	0	0	0	0	0	0	0	0.0166802	0	0	0	0	0.00633289	0	0	0	0	0	0	0.00853175	0	0	0	0	0.0163515	0	0	0	0	0	0	0.000534947	0	0	0	0	0	0	0	0	0	0	0	0	0	0	0.00405856	0	0	
c_000000000139	0	0	0	0	0.0159783	0	0	0	0	0	0	0.000317379	0.00484168	0.000441575	0	0	0	0	0	0.000500259	0	0	0	0	0	0	0	0	0	0.00101895	0.00446392	0	0	0	0	0	0.000334715	0	0	0	0.0288545	0.000650001	0	0	0	0.00515596	0	0	0	0.0100919	0	0	0	0.000423993	0.00116407	0	0	0	0	0.0393799	0	0	0	0	0.00842039	0	0	0	0	0	0.00260243	0.00717923	0	0	0	0.0106663	0.0117401	0.00157473	0	0.00366367	0	0	0	0.0153993	0	0	0	0	0	0	0	0	0	0	0	0.000150335	0	0.001856	0.0168972	0.00107513	0	
c_000000000140	0.00117355	0	0.0221904	0.0954812	0	0	0	0	0	0	0.0511856	0.0544389	0	0	0	0	0	0	0.000783033	0	0	0	0	0	0.00034978	0	0.0645184	0	0	0.00870619	0	0	0	0	0	0	0	0	0	0.0320277	0	0	0	0	0	0.0694395	0	0.0318385	0	0	0	0	0	0	0	0	0.0449887	0	0.161184	0	0	0	0	0.0163207	0	0	0	0	0	0.0171181	0.00866229	0	0	0	0.0067699	0.0324789	0	0	0	0	0	0	0	0	0	0	0	0	0	0	0	0.0567016	0	0	0	0	0	0.0285659	0	0	0	
c_000000000141	0	0	0	0	0	0	0	0	0	0	0	0	0	0	0	0	0	0	0	0	0	0	0	0	0	0	0	0	0	0	0.0151763	0	0	0	0	0	0	0	0	0	0.0120677	0	0	0	0	0	0	0	0	0.0248403	0	0	0	0	0	0	0	0	0	0.0238723	0	0	0	0	0.030172	0	0	0	0	0	0	0.0277757	0	0	0	0	0.0382521	0	0	0	0	0	0	0.0710381	0	0	0	0	0	0	0	0	0	0	0	0	0	0	0.0304159	0	0	
c_000000000142	0	0	0	0	0.00248616	0	0	0	0	0	0	0.0278551	0	0	0	0	0	0	0	0.0434772	0	0	0	0	0	0	0	0	0	0.03039	0.000138679	0	0	0	0	0	0	0	0	0	0.0147597	0	0	0	0	0.00663493	0	0	0.0244486	0.00308248	0	0	0	0	0	0	0	0	0.000335608	0.0167469	0	0	0	0	0.0128078	0	0	0	0	0	0.0641395	0.012902	0	0	0	0.0316322	0.0096	0	0	0	0	0	0	0.00491002	0	0	0	0	0	0	0	0.013513	0.020792	0	0	0	0	0.00894508	0.0242512	0	0	